998036470
996311977
995567504
995215780
995179960
994936129
994618981
992419845
991029583
989746901
988838307
988752494
986727589
985736892
983126380
983031331
981383255
980368701
979660868
979384961
971617418
971433018
969048572
968486829
965767496
964660363
961475769
960151831
959859166
959482679
956763587
956470482
955432536
954402836
954021340
951438645
948223633
947905934
947091644
942783753
942358395
941118316
940322758
938926435
937728273
935426111
934356521
932406419
930989669
928008451
926457257
926062231
924068008
923962408
922022783
921508030
918284927
914677927
909788559
909317092
908355314
906365705
905730039
902640385
902106904
901695250
896288316
896108380
895212459
891955871
888670552
887736306
886792742
883502174
881367282
878662880
871560239
869820892
869713348
859625922
859273348
857455675
857228721
855073168
853355783
852584495
852271973
849952119
844412695
844227157
840902974
840002540
839097357
837911126
834815704
833543576
832777884
832492742
830797858
826748045
815226550
814734396
814594166
812456081
811499822
809717827
807373068
806441663
805439493
804624381
802263041
801653628
797508085
794622604
790475851
788030588
787280333
785581609
784439840
782854865
782444629
781983772
781317737
780818122
779761031
778802453
777934866
777076530
776620214
776064405
776027536
775823051
774599508
768428129
768221132
763397754
761918324
759296857
757939186
756756813
752091084
750419059
745757315
743599270
742596181
738548485
738343334
735505311
734898532
734853190
725184552
723328477
723031434
722561354
722276796
722003475
721132318
720934911
720844120
719980454
714391768
714049235
713275844
709315674
708708147
708211851
707322997
703157206
699451508
699337897
699017916
698749806
697730685
694892872
694242020
692246299
692107557
691837238
690081274
688407073
687528481
684223453
682156278
681283139
680335059
677568915
675954944
675354134
670476081
669629382
666047441
662560340
661602946
661095618
659823621
658737785
656891266
655898454
655582862
653569482
649989529
649591212
647679369
647464014
643832266
642243130
641319949
640950038
640730993
635772536
630971242
628648409
627481816
627452735
626733324
626248300
625890920
624810784
622164639
619291932
613741800
613263737
612426626
608971379
606397983
605422952
602355905
601229526
600654419
599688168
599384689
599044654
596062634
591098064
589416107
588319105
588164625
586770415
585144540
583674246
582951008
582749784
581831232
576380093
573603481
571598355
567550969
564113350
561226411
559925019
558788198
557403841
556772861
555524214
554271745
552762274
550383138
549821864
549466797
547084740
544510141
541551896
541339261
539456021
538687998
537438924
537235323
536651435
533103059
532276514
531973457
530162787
528250510
527342396
524640787
520219648
518798167
517781026
516627294
515578290
514999216
505449613
497706180
496702095
494205081
493021070
490126369
485312756
483726081
482134884
480427405
476909614
476615557
476293461
474395808
473813109
471801594
471483633
469485097
465979237
464480785
463519245
457794521
457075401
449525534
449052971
445007722
443241959
441357604
440591684
440243798
439534190
439120086
438616729
438092679
437441319
434596552
428005437
427142543
423898824
420769663
419568216
419162721
418040656
415734887
415648561
413347031
411731139
411446899
407868392
407154851
405380486
404965052
404183519
403582309
401861143
399193784
398371774
392815216
390396798
390203191
389104022
388765102
386426348
385743407
382558165
379507898
378738448
377958201
374235546
365608371
365486835
361581285
360416017
358538939
356508054
353258437
352003183
351295678
348436047
343899936
339495663
338179523
337630777
336482503
334603163
333950612
331424592
327931275
322631775
321001365
312690509
310954107
306938346
306207371
304226072
303545489
302701798
302466835
300611428
300561127
299072157
296838133
295728678
294885368
294748708
294296966
293178809
291122951
289214922
286694272
284684829
280866383
279047179
278400215
274342672
272741812
272211197
268119937
263139952
262455910
261645588
256390963
253819054
250416557
250395316
249001622
245464714
244793147
243312198
241981855
237173825
235012898
234122009
231505172
223480484
220924626
218212358
214448796
213578423
211107344
210323789
208816567
206679749
196132102
193130656
191873165
190832725
188603737
186950729
185893436
183556550
180507408
177208559
174642914
173455949
172982204
170605674
170420016
167307652
167095702
165333109
164268040
161955167
158717608
157083624
155119625
155070873
151733300
148339548
147913183
142530068
142329231
142023268
141892139
140732808
140337087
138673141
136370125
135223037
133852307
133168917
129896261
125783814
125012704
124650279
124589384
124264815
123822799
121756076
118139545
115922239
107451429
100602145
99501168
98314265
98120709
96846212
96229216
90452641
87900213
82818671
81237004
80643387
78400381
76690469
68805423
63627614
62990707
62474677
61053813
60362367
57490303
55642367
54999273
54218371
52698146
52621258
52268725
48690493
43394046
42570276
39270102
33248107
33173484
31687109
30158199
29268350
27419810
24413816
23501138
22603652
21962721
19733992
17155109
15487176
14328543
14192704
8021670
5696278
5505465
5059565
4881666
1787771
1282016
1274779
1208442
317571
-735557
-6131690
-6495978
-6605595
-9167714
-10425862
-10855951
-11886324
-12383089
-16033066
-16535071
-20289502
-20550375
-27007025
-31766148
-32446082
-34603278
-37515407
-38503401
-39138712
-40692701
-45717897
-47637461
-47984730
-49282860
-51081822
-52735838
-53402673
-53901141
-54358910
-55667092
-57379020
-61993089
-65002957
-65718446
-71739591
-73446162
-74288203
-74990981
-75377544
-76390071
-76650322
-77199681
-83104710
-86834857
-87472733
-89130689
-91493715
-93573941
-93882180
-95603817
-98929211
-102210518
-107692850
-108834365
-108897429
-109133076
-109945649
-115955331
-117006125
-119009497
-119796072
-120465925
-122618167
-126421043
-126537595
-127146323
-130554222
-130982779
-131061803
-134282976
-138191280
-140284047
-143598062
-143963762
-145100729
-145720496
-150992568
-153931402
-158419899
-159176793
-160604206
-164894617
-165259013
-166828058
-169189611
-177260030
-179190354
-181977476
-183080449
-184406928
-186636104
-194922361
-197272536
-199638127
-201401112
-202464645
-204222043
-205390111
-207150530
-210271335
-214540014
-218325040
-220841666
-223129798
-226286501
-228531500
-229755767
-230322569
-230573440
-236594292
-237314512
-238508093
-241433150
-241811115
-242322639
-242490811
-244501836
-248753631
-249359049
-255448605
-257793474
-258080529
-258159316
-261427457
-262475642
-263669494
-267511480
-268174090
-268753032
-281429719
-285095877
-290896168
-290997139
-291059904
-293011807
-293261491
-293384522
-295832118
-297170707
-297234899
-297793411
-299414518
-300531326
-301134629
-301146593
-304800339
-305918235
-306301624
-306415075
-306621005
-306942433
-313624017
-313649960
-316463442
-317579971
-324494747
-326589146
-327322361
-328244701
-329274046
-332549172
-332716375
-334595277
-339454742
-343419841
-346365940
-349655636
-350387880
-350511901
-358316355
-359213896
-360424393
-366063169
-366729724
-371590597
-372462640
-374531712
-379399661
-385988690
-386985062
-391287643
-392286725
-393190937
-394547671
-397349317
-398435116
-398519991
-400047560
-401354522
-402388943
-403414176
-405636618
-407761231
-415411550
-416181546
-416798664
-418973154
-425793553
-427666036
-430170598
-431790048
-433957197
-434310558
-437753396
-438957664
-441453823
-442046489
-443108972
-444093163
-444578787
-447700418
-448188512
-451485472
-453160395
-453807607
-457379178
-460840818
-461324647
-463479520
-467924816
-468155530
-469367670
-471182552
-472477376
-472912943
-473984551
-480605797
-488642417
-488814745
-489146732
-489436221
-490285145
-491488083
-498633714
-507112901
-508965275
-509173397
-511054034
-511767540
-512066565
-513516473
-518757097
-518967841
-523130594
-525029395
-525162748
-529349059
-531661932
-533014845
-533185015
-534732208
-535396968
-537944879
-538294181
-538507297
-539145584
-541816416
-546192729
-546280032
-548135034
-552452473
-553335655
-555011356
-558996378
-559586016
-562596673
-563587553
-564529091
-569014289
-572666799
-575928800
-576803090
-578710006
-582814731
-582921328
-583537339
-583788453
-585220603
-585458517
-586475347
-590138673
-591126136
-592472466
-594908666
-595471928
-595865733
-596910260
-597213869
-601690722
-602218294
-606664940
-608782545
-609048498
-614496591
-615142632
-615705217
-617042405
-625604636
-627717490
-628674753
-629896324
-630203556
-630264431
-635983036
-636212660
-637731492
-638390872
-639252024
-640000924
-640226918
-642932333
-643644054
-649849795
-651735820
-658849460
-662543491
-663542843
-663601392
-664354739
-664657979
-667103480
-673447066
-673801358
-673831742
-674913880
-678608288
-681024003
-683056775
-683736102
-685872992
-686170870
-690556413
-690664459
-691656133
-694791003
-696811658
-698103389
-700404679
-701289147
-701443466
-701987757
-704609281
-706230909
-711720083
-711835987
-712112129
-715675484
-719556087
-720745758
-721598721
-723284078
-728200504
-729919026
-734578932
-734955882
-736457572
-736838595
-737256856
-739729928
-742687377
-744980930
-746242969
-747110005
-748444224
-750985199
-752398464
-753199767
-754839188
-755907304
-756631632
-757125176
-761419064
-763260089
-765191811
-765451770
-773966104
-776432987
-778547198
-778871397
-780844784
-784249495
-785493517
-786540127
-788958855
-789010883
-789137765
-789434894
-789955661
-791394547
-791507484
-795225483
-795358310
-797911145
-802404468
-804350833
-822073130
-822960252
-825479021
-828172653
-828945071
-831072544
-832274821
-833644212
-835241337
-835621359
-840934596
-844966928
-854598482
-860094445
-860330954
-860473905
-860787597
-862302778
-865790222
-873556653
-876320436
-878709564
-880436696
-881532508
-881569664
-882939468
-884528420
-885403100
-887910121
-887924717
-897039307
-897244938
-907006606
-907270774
-910981511
-914642777
-920754788
-926151542
-927559728
-928922899
-930727624
-937394610
-938056317
-943987596
-945708725
-946042538
-946068072
-946118298
-950344588
-951056008
-951312984
-952537009
-953610920
-958902584
-961968730
-966213374
-970089003
-972628557
-975758663
-978455447
-978645214
-981576766
-981904249
-982921837
-983620393
-987066057
-987266078
-988166743
-991477735
-991759525
-992228525
-998804713
