-998804713
-992228525
-991759525
-991477735
-988166743
-987266078
-987066057
-983620393
-982921837
-981904249
-981576766
-978645214
-978455447
-975758663
-972628557
-970089003
-966213374
-961968730
-958902584
-953610920
-952537009
-951312984
-951056008
-950344588
-946118298
-946068072
-946042538
-945708725
-943987596
-938056317
-937394610
-930727624
-928922899
-927559728
-926151542
-920754788
-914642777
-910981511
-907270774
-907006606
-897244938
-897039307
-887924717
-887910121
-885403100
-884528420
-882939468
-881569664
-881532508
-880436696
-878709564
-876320436
-873556653
-865790222
-862302778
-860787597
-860473905
-860330954
-860094445
-854598482
-844966928
-840934596
-835621359
-835241337
-833644212
-832274821
-831072544
-828945071
-828172653
-825479021
-822960252
-822073130
-804350833
-802404468
-797911145
-795358310
-795225483
-791507484
-791394547
-789955661
-789434894
-789137765
-789010883
-788958855
-786540127
-785493517
-784249495
-780844784
-778871397
-778547198
-776432987
-773966104
-765451770
-765191811
-763260089
-761419064
-757125176
-756631632
-755907304
-754839188
-753199767
-752398464
-750985199
-748444224
-747110005
-746242969
-744980930
-742687377
-739729928
-737256856
-736838595
-736457572
-734955882
-734578932
-729919026
-728200504
-723284078
-721598721
-720745758
-719556087
-715675484
-712112129
-711835987
-711720083
-706230909
-704609281
-701987757
-701443466
-701289147
-700404679
-698103389
-696811658
-694791003
-691656133
-690664459
-690556413
-686170870
-685872992
-683736102
-683056775
-681024003
-678608288
-674913880
-673831742
-673801358
-673447066
-667103480
-664657979
-664354739
-663601392
-663542843
-662543491
-658849460
-651735820
-649849795
-643644054
-642932333
-640226918
-640000924
-639252024
-638390872
-637731492
-636212660
-635983036
-630264431
-630203556
-629896324
-628674753
-627717490
-625604636
-617042405
-615705217
-615142632
-614496591
-609048498
-608782545
-606664940
-602218294
-601690722
-597213869
-596910260
-595865733
-595471928
-594908666
-592472466
-591126136
-590138673
-586475347
-585458517
-585220603
-583788453
-583537339
-582921328
-582814731
-578710006
-576803090
-575928800
-572666799
-569014289
-564529091
-563587553
-562596673
-559586016
-558996378
-555011356
-553335655
-552452473
-548135034
-546280032
-546192729
-541816416
-539145584
-538507297
-538294181
-537944879
-535396968
-534732208
-533185015
-533014845
-531661932
-529349059
-525162748
-525029395
-523130594
-518967841
-518757097
-513516473
-512066565
-511767540
-511054034
-509173397
-508965275
-507112901
-498633714
-491488083
-490285145
-489436221
-489146732
-488814745
-488642417
-480605797
-473984551
-472912943
-472477376
-471182552
-469367670
-468155530
-467924816
-463479520
-461324647
-460840818
-457379178
-453807607
-453160395
-451485472
-448188512
-447700418
-444578787
-444093163
-443108972
-442046489
-441453823
-438957664
-437753396
-434310558
-433957197
-431790048
-430170598
-427666036
-425793553
-418973154
-416798664
-416181546
-415411550
-407761231
-405636618
-403414176
-402388943
-401354522
-400047560
-398519991
-398435116
-397349317
-394547671
-393190937
-392286725
-391287643
-386985062
-385988690
-379399661
-374531712
-372462640
-371590597
-366729724
-366063169
-360424393
-359213896
-358316355
-350511901
-350387880
-349655636
-346365940
-343419841
-339454742
-334595277
-332716375
-332549172
-329274046
-328244701
-327322361
-326589146
-324494747
-317579971
-316463442
-313649960
-313624017
-306942433
-306621005
-306415075
-306301624
-305918235
-304800339
-301146593
-301134629
-300531326
-299414518
-297793411
-297234899
-297170707
-295832118
-293384522
-293261491
-293011807
-291059904
-290997139
-290896168
-285095877
-281429719
-268753032
-268174090
-267511480
-263669494
-262475642
-261427457
-258159316
-258080529
-257793474
-255448605
-249359049
-248753631
-244501836
-242490811
-242322639
-241811115
-241433150
-238508093
-237314512
-236594292
-230573440
-230322569
-229755767
-228531500
-226286501
-223129798
-220841666
-218325040
-214540014
-210271335
-207150530
-205390111
-204222043
-202464645
-201401112
-199638127
-197272536
-194922361
-186636104
-184406928
-183080449
-181977476
-179190354
-177260030
-169189611
-166828058
-165259013
-164894617
-160604206
-159176793
-158419899
-153931402
-150992568
-145720496
-145100729
-143963762
-143598062
-140284047
-138191280
-134282976
-131061803
-130982779
-130554222
-127146323
-126537595
-126421043
-122618167
-120465925
-119796072
-119009497
-117006125
-115955331
-109945649
-109133076
-108897429
-108834365
-107692850
-102210518
-98929211
-95603817
-93882180
-93573941
-91493715
-89130689
-87472733
-86834857
-83104710
-77199681
-76650322
-76390071
-75377544
-74990981
-74288203
-73446162
-71739591
-65718446
-65002957
-61993089
-57379020
-55667092
-54358910
-53901141
-53402673
-52735838
-51081822
-49282860
-47984730
-47637461
-45717897
-40692701
-39138712
-38503401
-37515407
-34603278
-32446082
-31766148
-27007025
-20550375
-20289502
-16535071
-16033066
-12383089
-11886324
-10855951
-10425862
-9167714
-6605595
-6495978
-6131690
-735557
317571
1208442
1274779
1282016
1787771
4881666
5059565
5505465
5696278
8021670
14192704
14328543
15487176
17155109
19733992
21962721
22603652
23501138
24413816
27419810
29268350
30158199
31687109
33173484
33248107
39270102
42570276
43394046
48690493
52268725
52621258
52698146
54218371
54999273
55642367
57490303
60362367
61053813
62474677
62990707
63627614
68805423
76690469
78400381
80643387
81237004
82818671
87900213
90452641
96229216
96846212
98120709
98314265
99501168
100602145
107451429
115922239
118139545
121756076
123822799
124264815
124589384
124650279
125012704
125783814
129896261
133168917
133852307
135223037
136370125
138673141
140337087
140732808
141892139
142023268
142329231
142530068
147913183
148339548
151733300
155070873
155119625
157083624
158717608
161955167
164268040
165333109
167095702
167307652
170420016
170605674
172982204
173455949
174642914
177208559
180507408
183556550
185893436
186950729
188603737
190832725
191873165
193130656
196132102
206679749
208816567
210323789
211107344
213578423
214448796
218212358
220924626
223480484
231505172
234122009
235012898
237173825
241981855
243312198
244793147
245464714
249001622
250395316
250416557
253819054
256390963
261645588
262455910
263139952
268119937
272211197
272741812
274342672
278400215
279047179
280866383
284684829
286694272
289214922
291122951
293178809
294296966
294748708
294885368
295728678
296838133
299072157
300561127
300611428
302466835
302701798
303545489
304226072
306207371
306938346
310954107
312690509
321001365
322631775
327931275
331424592
333950612
334603163
336482503
337630777
338179523
339495663
343899936
348436047
351295678
352003183
353258437
356508054
358538939
360416017
361581285
365486835
365608371
374235546
377958201
378738448
379507898
382558165
385743407
386426348
388765102
389104022
390203191
390396798
392815216
398371774
399193784
401861143
403582309
404183519
404965052
405380486
407154851
407868392
411446899
411731139
413347031
415648561
415734887
418040656
419162721
419568216
420769663
423898824
427142543
428005437
434596552
437441319
438092679
438616729
439120086
439534190
440243798
440591684
441357604
443241959
445007722
449052971
449525534
457075401
457794521
463519245
464480785
465979237
469485097
471483633
471801594
473813109
474395808
476293461
476615557
476909614
480427405
482134884
483726081
485312756
490126369
493021070
494205081
496702095
497706180
505449613
514999216
515578290
516627294
517781026
518798167
520219648
524640787
527342396
528250510
530162787
531973457
532276514
533103059
536651435
537235323
537438924
538687998
539456021
541339261
541551896
544510141
547084740
549466797
549821864
550383138
552762274
554271745
555524214
556772861
557403841
558788198
559925019
561226411
564113350
567550969
571598355
573603481
576380093
581831232
582749784
582951008
583674246
585144540
586770415
588164625
588319105
589416107
591098064
596062634
599044654
599384689
599688168
600654419
601229526
602355905
605422952
606397983
608971379
612426626
613263737
613741800
619291932
622164639
624810784
625890920
626248300
626733324
627452735
627481816
628648409
630971242
635772536
640730993
640950038
641319949
642243130
643832266
647464014
647679369
649591212
649989529
653569482
655582862
655898454
656891266
658737785
659823621
661095618
661602946
662560340
666047441
669629382
670476081
675354134
675954944
677568915
680335059
681283139
682156278
684223453
687528481
688407073
690081274
691837238
692107557
692246299
694242020
694892872
697730685
698749806
699017916
699337897
699451508
703157206
707322997
708211851
708708147
709315674
713275844
714049235
714391768
719980454
720844120
720934911
721132318
722003475
722276796
722561354
723031434
723328477
725184552
734853190
734898532
735505311
738343334
738548485
742596181
743599270
745757315
750419059
752091084
756756813
757939186
759296857
761918324
763397754
768221132
768428129
774599508
775823051
776027536
776064405
776620214
777076530
777934866
778802453
779761031
780818122
781317737
781983772
782444629
782854865
784439840
785581609
787280333
788030588
790475851
794622604
797508085
801653628
802263041
804624381
805439493
806441663
807373068
809717827
811499822
812456081
814594166
814734396
815226550
826748045
830797858
832492742
832777884
833543576
834815704
837911126
839097357
840002540
840902974
844227157
844412695
849952119
852271973
852584495
853355783
855073168
857228721
857455675
859273348
859625922
869713348
869820892
871560239
878662880
881367282
883502174
886792742
887736306
888670552
891955871
895212459
896108380
896288316
901695250
902106904
902640385
905730039
906365705
908355314
909317092
909788559
914677927
918284927
921508030
922022783
923962408
924068008
926062231
926457257
928008451
930989669
932406419
934356521
935426111
937728273
938926435
940322758
941118316
942358395
942783753
947091644
947905934
948223633
951438645
954021340
954402836
955432536
956470482
956763587
959482679
959859166
960151831
961475769
964660363
965767496
968486829
969048572
971433018
971617418
979384961
979660868
980368701
981383255
983031331
983126380
985736892
986727589
988752494
988838307
989746901
991029583
992419845
994618981
994936129
995179960
995215780
995567504
996311977
998036470
