588319105
896288316
250416557
280866383
473813109
437441319
928008451
964660363
-625604636
-285095877
-480605797
869820892
190832725
-392286725
43394046
-329274046
-978455447
539456021
-12383089
494205081
692107557
-882939468
-639252024
-828945071
-509173397
-31766148
272741812
787280333
-109945649
596062634
161955167
401861143
490126369
-39138712
-615705217
-75377544
-194922361
-360424393
-673801358
699017916
857455675
57490303
994618981
801653628
768221132
158717608
-443108972
-328244701
-664657979
-585458517
-617042405
-601690722
756756813
583674246
981383255
218212358
738343334
840902974
304226072
-57379020
-511054034
814594166
-184406928
906365705
763397754
377958201
-518757097
-638390872
-126537595
-53901141
-953610920
256390963
-117006125
483726081
-379399661
-765191811
-130554222
-324494747
471801594
-608782545
-513516473
855073168
-614496591
971433018
-987266078
-860094445
961475769
392815216
782444629
-711720083
883502174
-822960252
697730685
-61993089
351295678
794622604
-721598721
752091084
886792742
-281429719
-595865733
-711835987
87900213
582951008
249001622
-630203556
-405636618
688407073
-572666799
954402836
776064405
585144540
-238508093
-982921837
81237004
628648409
-791394547
-627717490
-143963762
-441453823
-642932333
720934911
352003183
-583537339
-880436696
295728678
-873556653
386426348
-518967841
-590138673
531973457
206679749
723328477
382558165
-729919026
151733300
76690469
231505172
-736457572
476615557
947091644
-728200504
-785493517
423898824
22603652
186950729
471483633
988838307
438616729
-575928800
360416017
-448188512
-881532508
844412695
561226411
-416798664
-884528420
852584495
-591126136
533103059
-887910121
527342396
601229526
-229755767
-244501836
641319949
-822073130
415648561
626248300
-757125176
996311977
-628674753
193130656
-860787597
-49282860
-763260089
-305918235
-926151542
552762274
802263041
-535396968
196132102
640730993
-981904249
857228721
-145100729
589416107
869713348
-683056775
-40692701
-425793553
-832274821
709315674
-734955882
-629896324
300561127
680335059
-804350833
908355314
243312198
-140284047
279047179
776027536
541339261
-663601392
922022783
140337087
807373068
774599508
413347031
-586475347
310954107
-76650322
544510141
-343419841
-65718446
655582862
-966213374
170420016
-230573440
-306942433
992419845
-131061803
815226550
291122951
-983620393
155119625
-228531500
54999273
-700404679
550383138
-780844784
-472477376
339495663
-533185015
39270102
188603737
-442046489
-204222043
420769663
379507898
-860473905
211107344
-427666036
-386985062
-778871397
-434310558
901695250
-595471928
-83104710
300611428
809717827
-981576766
-534732208
979384961
518798167
-71739591
-533014845
859625922
140732808
675354134
-263669494
902106904
-531661932
-418973154
365608371
-469367670
29268350
-885403100
782854865
174642914
-706230909
250395316
439534190
-143598062
441357604
941118316
576380093
530162787
-334595277
-134282976
785581609
4881666
-678608288
365486835
713275844
567550969
-862302778
-559586016
-158419899
-529349059
605422952
438092679
-108834365
734898532
995215780
721132318
959859166
213578423
647464014
299072157
-546280032
599688168
-359213896
619291932
-349655636
-825479021
-789955661
979660868
-402388943
-73446162
-257793474
-297793411
895212459
1208442
214448796
-970089003
-778547198
-553335655
-664354739
133852307
-844966928
115922239
-119009497
-199638127
942358395
5505465
334603163
-720745758
419568216
55642367
306207371
390203191
-907270774
832777884
-393190937
415734887
-578710006
591098064
932406419
-854598482
699337897
582749784
497706180
-291059904
-835241337
-394547671
-975758663
-752398464
811499822
343899936
549466797
624810784
333950612
286694272
129896261
-258159316
-701443466
-165259013
926457257
909317092
-694791003
-166828058
757939186
-640000924
-797911145
14328543
378738448
775823051
-74288203
135223037
-119796072
-489436221
-744980930
777076530
476909614
926062231
-712112129
-444578787
294748708
971617418
-946042538
635772536
-649849795
759296857
682156278
-290896168
-972628557
-6605595
991029583
302701798
723031434
681283139
-739729928
-313624017
-562596673
-177260030
-776432987
237173825
-784249495
573603481
60362367
445007722
-548135034
-120465925
-55667092
986727589
-249359049
-498633714
-89130689
404965052
-102210518
708708147
840002540
-471182552
-47637461
-523130594
622164639
649989529
859273348
-945708725
123822799
-582921328
524640787
959482679
-293261491
480427405
995179960
-258080529
-300531326
968486829
96846212
714391768
988752494
-734578932
797508085
-998804713
-438957664
-179190354
-690556413
-201401112
133168917
-169189611
-327322361
-952537009
-987066057
-150992568
-950344588
155070873
956470482
965767496
-433957197
956763587
-696811658
602355905
738548485
649591212
-756631632
-186636104
-268174090
464480785
-791507484
-789010883
627452735
653569482
172982204
-145720496
138673141
-372462640
849952119
-374531712
-326589146
-840934596
30158199
-541816416
428005437
-746242969
-9167714
994936129
31687109
-719556087
443241959
469485097
934356521
-27007025
684223453
-978645214
837911126
407154851
5696278
390396798
-674913880
826748045
98314265
-951312984
699451508
-416181546
675954944
691837238
121756076
-262475642
24413816
-255448605
-6495978
-87472733
449525534
761918324
465979237
725184552
690081274
-765451770
-538507297
-881569664
125012704
-350511901
-472912943
-47984730
-876320436
411731139
-77199681
1787771
-242490811
532276514
164268040
306938346
852271973
-488642417
-569014289
955432536
505449613
-332716375
719980454
989746901
5059565
887736306
-437753396
-525029395
407868392
177208559
-205390111
404183519
-95603817
-897244938
830797858
411446899
-332549172
-93882180
-159176793
440591684
-681024003
125783814
735505311
99501168
262455910
-525162748
571598355
62990707
698749806
750419059
586770415
-164894617
-293384522
405380486
777934866
338179523
983126380
180507408
17155109
-789434894
998036470
-662543491
662560340
296838133
78400381
474395808
427142543
780818122
-126421043
-98929211
768428129
-755907304
21962721
-306301624
327931275
63627614
261645588
778802453
980368701
-317579971
557403841
-748444224
554271745
-920754788
388765102
321001365
995567504
19733992
536651435
170605674
148339548
-52735838
-615142632
-138191280
-86834857
-430170598
-602218294
694242020
374235546
-489146732
647679369
-723284078
896108380
722003475
-45717897
358538939
61053813
-637731492
303545489
234122009
348436047
942783753
776620214
599044654
781983772
626733324
-202464645
-927559728
-20550375
27419810
-538294181
547084740
-991759525
100602145
600654419
940322758
496702095
33173484
-673831742
136370125
-236594292
924068008
-451485472
118139545
-609048498
141892139
-583788453
947905934
-539145584
642243130
-107692850
-34603278
-415411550
317571
98120709
670476081
790475851
-951056008
-223129798
-183080449
-297234899
80643387
-914642777
-297170707
191873165
627481816
-366063169
-74990981
-753199767
581831232
457794521
-938056317
-635983036
356508054
82818671
714049235
-958902584
-313649960
-736838595
173455949
-930727624
-491488083
-339454742
-630264431
353258437
722276796
935426111
-160604206
613263737
612426626
-358316355
515578290
-685872992
398371774
556772861
268119937
516627294
167095702
-507112901
-461324647
-207150530
284684829
720844120
463519245
-54358910
722561354
-218325040
985736892
-346365940
-248753631
-597213869
-230322569
599384689
289214922
312690509
-865790222
14192704
-241433150
703157206
15487176
-214540014
-991477735
812456081
-261427457
-398435116
185893436
517781026
514999216
-546192729
537235323
-667103480
8021670
337630777
439120086
871560239
-946068072
361581285
52698146
272211197
659823621
-508965275
734853190
-943987596
294296966
-220841666
528250510
708211851
891955871
-511767540
1274779
-16033066
-295832118
-663542843
-937394610
559925019
403582309
-398519991
142530068
-242322639
948223633
142023268
-585220603
-992228525
-860330954
983031331
-910981511
-683736102
42570276
-10855951
779761031
-16535071
-887924717
157083624
630971242
537438924
-93573941
658737785
68805423
625890920
-316463442
-735557
-512066565
-831072544
-407761231
804624381
839097357
881367282
-241811115
482134884
220924626
-306415075
-453807607
-463479520
-197272536
-988166743
661095618
-773966104
-385988690
805439493
457075401
241981855
954021340
558788198
781317737
784439840
-51081822
33248107
418040656
-457379178
538687998
52268725
-658849460
-563587553
96229216
399193784
-788958855
-555011356
669629382
-306621005
960151831
-698103389
-108897429
687528481
-673447066
434596552
244793147
54218371
331424592
-431790048
656891266
52621258
90452641
124650279
-366729724
909788559
-946118298
937728273
-76390071
124264815
677568915
-460840818
263139952
-643644054
-907006606
661602946
-552452473
-754839188
-795225483
-636212660
692246299
606397983
-592472466
-795358310
493021070
-704609281
-594908666
476293461
814734396
-130982779
-802404468
-397349317
-761419064
107451429
918284927
-299414518
-490285145
440243798
-37515407
-210271335
921508030
-153931402
-127146323
902640385
-582814731
-65002957
-115955331
223480484
613741800
1282016
-304800339
-38503401
278400215
389104022
905730039
-226286501
541551896
-537944879
-468155530
878662880
-290997139
-122618167
-828172653
-453160395
-786540127
-928922899
520219648
-11886324
-488814745
-640226918
-596910260
888670552
210323789
-237314512
142329231
-878709564
938926435
-897039307
-301146593
-576803090
951438645
385743407
-558996378
-742687377
274342672
-181977476
-267511480
253819054
745757315
-564529091
930989669
-467924816
-391287643
834815704
-268753032
-747110005
923962408
-691656133
-651735820
844227157
-835621359
-961968730
-447700418
-715675484
-444093163
832492742
-371590597
-606664940
707322997
293178809
-690664459
-750985199
147913183
588164625
322631775
-400047560
-350387880
-301134629
165333109
643832266
294885368
655898454
-833644212
-53402673
608971379
833543576
666047441
-789137765
-32446082
549821864
-6131690
-20289502
694892872
-401354522
-737256856
-109133076
124589384
-403414176
853355783
-701289147
449052971
48690493
564113350
419162721
485312756
183556550
208816567
235012898
640950038
555524214
167307652
788030588
23501138
-686170870
-10425862
914677927
336482503
806441663
-91493715
62474677
302466835
-701987757
743599270
742596181
969048572
-473984551
-293011807
245464714
